-0.610035 -2.86796 -0.0381886 5.31938 2.21685 1.92754 -0.0680542 
-7.58455 6.50938 -0.33115 4.53272 2.01557 1.56775 -0.0442505 
-7.559 0.402997 -0.0518579 5.27283 2.2643 1.97735 -0.0643921 
0.171462 -6.00867 -0.0810114 4.40239 2.00551 1.52639 -0.0672607 
3.33418 -9.87396 -0.111735 4.3684 2.00178 1.76393 -0.186523 
21.6006 22.8884 0.213789 4.60762 2.08294 1.55517 1.4649 
25.5568 -39.7868 0.139562 4.94884 2.16636 1.7585 1.51061 
23.329 -22.3668 0.226537 4.36014 2.00484 1.50677 1.48003 
13.5729 23.1664 0.0781373 4.32674 2.02983 1.75182 1.40936 
-4.27785 -9.53753 -0.346278 4.50157 2.01988 1.69307 -0.0917969 
-8.26828 -5.86276 -0.19353 5.74461 2.34633 2.12204 -0.0490417 
20.3318 -22.1213 0.253991 4.55102 2.02655 1.51193 1.45861 
-8.90481 -2.46004 -0.0883128 5.80523 2.42406 2.10039 -0.093689 
29.4562 45.7231 -0.0750778 5.16485 2.26915 1.96988 1.50506 
54.6784 9.48289 0.222613 4.53923 2.00894 1.54703 -0.030014 
16.1894 -27.7155 0.226257 4.33334 1.99861 1.50604 1.45507 
-17.2634 -2.13054 -0.0797142 4.45905 1.98354 1.58062 -0.098999 
44.7443 -1.40909 0.405502 4.34288 1.98324 1.52695 0.0708008 
14.6824 -57.4289 -0.171551 4.40024 2.03946 1.61673 1.53149 
27.5673 1.20158 0.366425 4.43882 1.99861 1.55498 1.55164 
-0.387555 -13.5583 -0.0252796 0.941182 0.845455 1.73151 -0.157539 
-0.396853 -14.3667 0.0438748 0.92659 0.821882 1.71475 -0.123359 
33.4119 -23.7519 0.118519 0.910111 0.824193 1.68287 -1.06672 
7.71211 15.2935 0.0466772 0.880066 0.824155 1.75481 -1.03547 
6.44322 14.5207 0.068293 0.873004 0.820304 1.70234 -0.78125 
65.6482 -0.100587 0.0462225 0.842846 0.774269 1.67554 -0.20459 
-28.5788 -11.7872 -0.291124 1.72986 0.872449 1.85364 0.0836182 
6.79973 14.9425 0.0343484 0.819912 0.75219 1.61958 -0.691719 
-57.6307 -22.2925 -0.0217503 0.947175 0.854544 1.80915 -0.0749512 
6.11742 72.876 -0.647061 1.62614 0.83331 1.78768 -0.0870361 
6.43074 -64.7626 -0.251938 0.803857 0.757442 1.66529 1.06023 
4.49396 58.1709 -0.605513 0.952974 0.8522 1.75817 0.269043 
-63.9351 32.7071 -0.555955 0.85299 0.769793 1.64971 -0.141914 
4.33202 11.3717 1.13776 0.844288 0.789878 1.72614 -0.177979 
7.52807 -44.6889 0.107892 0.921176 0.86926 1.75956 0.00152588 
9.07472 16.8167 1.25659 0.92433 0.847609 1.72637 0.546387 
-0.898036 -30.2738 0.668089 0.898082 0.850252 1.7598 1.22852 
3.08781 -14.3237 1.31324 0.882972 0.847273 1.79148 1.14746 
-57.5548 -21.5472 -0.0606317 0.935226 0.825603 1.85335 -0.0686718 
40.9647 30.5066 0.283408 0.905789 0.837862 1.67615 1.44238 
47.9185 16.538 -0.121321 0.880281 0.78182 1.63982 -0.0670166 
11.3534 73.0129 1.84303 0.922414 0.885999 1.75143 1.79395 
-46.6475 43.3954 -0.312109 0.921964 0.88554 1.71512 -0.581055 
6.18361 17.0184 0.479165 0.897096 0.856215 1.76382 0.0858154 
7.17513 21.8751 0.305059 0.888703 0.820028 1.71696 0.57959 
14.3027 -68.4022 -0.496693 0.972481 0.835029 1.70791 0.7575 
-15.5463 28.048 0.12314 0.906895 0.805506 1.73841 0.425469 
-17.1602 -31.7163 0.444493 0.921176 0.826359 1.7448 -0.0361023 
34.7371 -20.9236 0.252872 0.857165 0.786558 1.4834 -0.529297 
1.38584 -37.992 -0.43945 0.888703 0.798994 1.68518 -0.0154724 
-58.5064 21.2658 -0.583267 0.953439 0.870641 1.7808 -0.0208203 
-9.15692 39.1305 -0.262158 0.905568 0.788722 1.68616 0.182251 
-37.785 5.24739 -1.7966 1.60435 0.839769 1.78957 0.265869 
8.71615 71.7512 -0.225583 1.65185 0.790023 1.72299 1.65496 
53.3633 -12.8849 0.710973 1.00366 0.885215 1.81507 -0.158203 
-14.4674 -42.0091 0.65803 0.903029 0.831469 1.7077 1.08398 
49.4234 -32.3699 0.30261 0.801701 0.784784 1.68235 1.65594 
-52.6478 13.175 -0.775026 0.928288 0.80036 1.65455 0.120781 
7.424 -61.5135 0.752877 0.95472 0.903336 1.78308 1.27051 
1.97675 38.2899 0.25723 0.834859 0.806687 1.65693 -1.30371 
68.1306 14.5182 -0.127919 0.895673 0.808609 1.72927 0.100952 
40.8446 29.1829 0.560172 0.896439 0.820103 1.7267 1.51995 
44.0682 -58.0788 0.475512 0.932604 0.84924 1.73374 0.0185242 
50.325 -31.9327 0.374341 0.889354 0.832688 1.68927 1.51922 
-0.387555 -13.5583 -0.0252796 0.941182 0.845455 1.73151 -0.157539 
33.4119 -23.7519 0.118519 0.910111 0.824193 1.68287 -1.06672 
7.71211 15.2935 0.0466772 0.880066 0.824155 1.75481 -1.03547 
65.6482 -0.100587 0.0462225 0.842846 0.774269 1.67554 -0.20459 
-28.5788 -11.7872 -0.291124 1.72986 0.872449 1.85364 0.0836182 
6.11742 72.876 -0.647061 1.62614 0.83331 1.78768 -0.0870361 
6.43074 -64.7626 -0.251938 0.803857 0.757442 1.66529 1.06023 
4.49396 58.1709 -0.605513 0.952974 0.8522 1.75817 0.269043 
-63.9351 32.7071 -0.555955 0.85299 0.769793 1.64971 -0.141914 
-57.5969 -22.2857 -0.100341 0.982025 0.811477 1.80644 0.0182422 
4.33202 11.3717 1.13776 0.844288 0.789878 1.72614 -0.177979 
7.51038 -44.8165 0.0210824 0.857793 0.818403 1.72518 -0.0935059 
9.08058 16.8162 1.26241 0.959042 0.841231 1.72493 0.72332 
-57.5631 -21.545 -0.0438824 0.93249 0.824822 1.82718 -0.0931396 
47.9185 16.538 -0.121321 0.880281 0.78182 1.63982 -0.0670166 
-46.6475 43.3954 -0.312109 0.921964 0.88554 1.71512 -0.581055 
7.17513 21.8751 0.305059 0.888703 0.820028 1.71696 0.57959 
14.3027 -68.4022 -0.496693 0.972481 0.835029 1.70791 0.7575 
-15.5463 28.048 0.12314 0.906895 0.805506 1.73841 0.425469 
-17.1701 -31.7204 0.423758 0.926138 0.819578 1.77183 0.178398 
1.38584 -37.992 -0.43945 0.888703 0.798994 1.68518 -0.0154724 
-58.5064 21.2658 -0.583267 0.953439 0.870641 1.7808 -0.0208203 
-9.15692 39.1305 -0.262158 0.905568 0.788722 1.68616 0.182251 
-0.868141 -30.2999 0.57068 0.987932 0.849992 1.80497 1.50036 
34.7163 -21.0067 0.140571 1.12495 0.772334 1.61554 1.39007 
-37.785 5.24739 -1.7966 1.60435 0.839769 1.78957 0.265869 
8.71615 71.7512 -0.225583 1.65185 0.790023 1.72299 1.65496 
7.42801 -61.5176 0.77386 0.950882 0.859317 1.76491 1.31878 
44.0512 -58.0762 0.488552 0.982744 0.829353 1.7408 0.669121 
3.10534 -14.456 1.23405 0.917263 0.84553 1.7677 0.992676 
